function k = k_CST(x1,x2,x3,y1,y2,y3,nu,r,s)
t1 = x1 - x2;
t2 = x2 - x3;
t3 = -x1 + x3;
t4 = t1 * y3 + t2 * y1 + t3 * y2;
t5 = y2 - y3;
t2 = -t2;
t6 = t2 ^ 2;
t7 = t5 ^ 2;
t8 = 0.1e1 / 0.2e1 - nu / 0.2e1;
t9 = nu + t8;
t10 = y1 - y3;
t3 = -t3;
t11 = t2 * t3;
t12 = t8 * t2;
t13 = t5 * nu;
t14 = y1 - y2;
t4 = 0.1e1 / t4;
t15 = t4 * t5 * t2 * t9;
t16 = t4 * (-t10 * t5 + t11 * t8);
t17 = t4 * (-t12 * t10 + t13 * t3);
t18 = t4 * (-t12 * t1 + t14 * t5);
t12 = t4 * (-t13 * t1 + t12 * t14);
t5 = t8 * t5;
t13 = t2 * nu;
t19 = t4 * (-t13 * t10 + t5 * t3);
t11 = t4 * (-t10 * t5 + t11);
t13 = t4 * (-t5 * t1 + t13 * t14);
t2 = t4 * (-t1 * t2 + t14 * t5);
t5 = t3 ^ 2;
t20 = t10 ^ 2;
t21 = t3 * t1;
t22 = -t4 * t10 * t3 * t9;
t23 = t4 * (-t10 * t14 - t21 * t8);
t24 = t4 * (nu * t10 * t1 + t8 * t3 * t14);
t10 = t8 * t10;
t3 = t4 * (nu * t3 * t14 + t10 * t1);
t10 = t4 * (-t10 * t14 - t21);
t21 = t14 ^ 2;
t25 = t1 ^ 2;
t1 = -t4 * t14 * t1 * t9;
k = [-t4 * (t8 * t6 + t7) -t15 -t16 -t17 -t18 -t12; -t15 -t4 * (t8 * t7 + t6) -t19 -t11 -t13 -t2; -t16 -t19 -t4 * (t8 * t5 + t20) -t22 -t23 -t24; -t17 -t11 -t22 -t4 * (t8 * t20 + t5) -t3 -t10; -t18 -t13 -t23 -t3 -t4 * (t8 * t25 + t21) -t1; -t12 -t2 -t24 -t10 -t1 -t4 * (t21 * t8 + t25)];
end
