function k = k_mat(x1,x2,x3,y1,y2,y3,nu)

t1 = -y1 + y2;
t2 = (-y2 + y3);
t3 = (y1 - y3);
t4 = (t1 * x3 + t2 * x1 + t3 * x2);
t2 = -t2;
t5 = (x3 - x2);
t6 = 1 - nu;
t7 = (t5 ^ 2);
t8 = (t2 ^ 2);
t9 = 8 * t6;
t10 = t9 * t7 + 16 * t8;
t4 = 1 / t4;
t11 = -0.1e1 / 0.4e1;
t12 = 16 * nu;
t13 = t5 * t2 * (t9 + t12);
t13 = (0.15e2 / 0.16e2 * t4 * t13 + t4 * (0.2e1 * t13 * t11 - 0.2e1 / 0.3e1 * t13));
t14 = (x1 - x3);
t15 = 16 * t3;
t16 = t9 * t5;
t17 = -t16 * t14 + t15 * t2;
t18 = 0.1e1 / 0.2e1;
t19 = -0.37e2 / 0.48e2 * t4 * t17 - t18 * t4 * (t11 * t17 - t17);
t20 = t12 * t2;
t21 = -t20 * t14 + t16 * t3;
t22 = -t18 * t4 * (t11 * t21 - t21) - 0.37e2 / 0.48e2 * t4 * t21;
t1 = -t1;
t23 = (x1 - x2);
t24 = 16 * t1;
t25 = t16 * t23 - t24 * t2;
t26 = -t18 * t4 * (t11 * t25 - t25) - 0.37e2 / 0.48e2 * t4 * t25;
t16 = -t16 * t1 + t20 * t23;
t20 = (-t18 * t4 * (t11 * t16 - t16) - 0.37e2 / 0.48e2 * t4 * t16);
t27 = 4;
t28 = t27 * (y1 + y2) - 8 * y3;
t29 = -t27 * (x1 + x2) + 8 * x3;
t30 = t28 * t27;
t31 = -t15 - t30;
t32 = 8 * t14;
t33 = 2 * t29;
t34 = t32 - t33;
t35 = t5 * t6;
t36 = 3;
t37 = t28 * t36 + t15;
t38 = 0.3e1 / 0.2e1 * t29 - t32;
t39 = -0.3e1 / 0.4e1 * t17;
t40 = -0.1e1 / 0.3e1;
t41 = -t18 * t4 * (0.7e1 / 0.4e1 * t17 + (t2 * t37) + t35 * t38) + t4 * (t11 * (t2 * t31 + t35 * t34) - t39) + t40 * t4 * (-t30 * t2 - t33 * t35 - t17);
t42 = t29 * t27;
t43 = 16 * t14;
t44 = -t42 + t43;
t45 = 8 * t3;
t46 = 2 * t28;
t47 = t45 + t46;
t48 = t29 * t36 - t43;
t49 = 0.3e1 / 0.2e1 * t28 + t45;
t50 = t2 * nu;
t51 = -0.3e1 / 0.4e1 * t21;
t52 = -t18 * t4 * (0.7e1 / 0.4e1 * t21 + t35 * t49 + (t50 * t48)) + t4 * (t11 * (t44 * t2 * nu - t35 * t47) - t51) + t40 * t4 * (-t42 * t2 * nu - t46 * t35 - t21);
t53 = t14 - t23;
t54 = -t3 + t1;
t55 = -0.3e1 / 0.4e1 * t25;
t56 = t11 * t4;
t17 = (-t18 * t4 * (t39 + t55) + t40 * t4 * (t17 + t25) + t56 * (-16 * t2 * t54 - 8 * t35 * t53));
t39 = -0.3e1 / 0.4e1 * t16;
t21 = (-t18 * t4 * (t51 + t39) + t40 * t4 * (t21 + t16) + t56 * (-8 * t35 * t54 - 16 * t50 * t53));
t51 = (-t27 * (y1 + y3) + 8 * y2);
t57 = t27 * (x1 + x3) - 8 * x2;
t58 = t51 * t27;
t59 = 2 * t57;
t60 = t24 - t58;
t61 = 8 * t23;
t62 = t61 + t59;
t63 = 0.3e1 / 0.2e1 * t57 + t61;
t64 = t36 * t51 - t24;
t25 = (-t18 * t4 * (t2 * t64 + t35 * t63 + 0.7e1 / 0.4e1 * t25) + t4 * (t11 * (t2 * t60 - (t35 * t62)) - t55) + t40 * t4 * (-t58 * t2 - (t59 * t35) - t25));
t55 = 0.2e1 * t51;
t65 = t27 * t57;
t66 = 16 * t23;
t67 = t65 + t66;
t68 = 8 * t1;
t69 = t68 - t55;
t36 = t36 * t57 + t66;
t70 = 0.3e1 / 0.2e1 * t51 - t68;
t16 = (-t18 * t4 * (t35 * t70 + (t50 * t36) + 0.7e1 / 0.4e1 * t16) + t4 * (t11 * (t35 * t69 - (t50 * t67)) - t39) + t40 * t4 * (-t55 * t35 - (t65 * t50) - t16));
t7 = t9 * t8 + 16 * t7;
t8 = t9 * t2;
t9 = t15 * t5 * nu - t8 * t14;
t35 = (-t18 * t4 * (t11 * t9 - t9) - 0.37e2 / 0.48e2 * t4 * t9);
t39 = (t8 * t3 - t43 * t5);
t50 = (-t18 * t4 * (t11 * t39 - t39) - 0.37e2 / 0.48e2 * t4 * t39);
t12 = -t12 * t5 * t1 + t8 * t23;
t71 = -t18 * t4 * (t11 * t12 - t12) - 0.37e2 / 0.48e2 * t4 * t12;
t8 = -t8 * t1 + t66 * t5;
t72 = -t18 * t4 * (t11 * t8 - t8) - 0.37e2 / 0.48e2 * t4 * t8;
t34 = t6 * t34;
t73 = t5 * nu;
t74 = t2 * t6;
t75 = -0.3e1 / 0.4e1 * t9;
t2 = (-t18 * t4 * (0.7e1 / 0.4e1 * t9 + (t73 * t37) + t74 * t38) + t4 * (t11 * (t34 * t2 + t73 * t31) - t75) + t40 * t4 * (-t33 * t2 * t6 - t73 * t30 - t9));
t37 = -(0.3e1 / 0.4e1 * t39);
t38 = -t18 * t4 * (0.7e1 / 0.4e1 * t39 + (t48 * t5) + t74 * t49) + t4 * (t11 * (t44 * t5 - t74 * t47) - t37) + t40 * t4 * (-(t42 * t5) - (t74 * t46) - t39);
t48 = -(0.3e1 / 0.4e1 * t12);
t9 = (-t18 * t4 * (t75 + t48) + t40 * t4 * (t9 + t12) + t56 * (-8 * t74 * t53 - 16 * t73 * t54));
t49 = -0.3e1 / 0.4e1 * t8;
t37 = (-t18 * t4 * (t37 + t49) + t40 * t4 * (t39 + t8) + t56 * (-16 * t5 * t53 - 8 * t74 * t54));
t12 = (-t18 * t4 * (t74 * t63 + t73 * t64 + 0.7e1 / 0.4e1 * t12) + t4 * (t11 * (t73 * t60 - (t74 * t62)) - t48) + t40 * t4 * (-t73 * t58 - (t74 * t59) - t12));
t5 = (-t18 * t4 * ((t36 * t5) + t74 * t70 + 0.7e1 / 0.4e1 * t8) + t4 * (t11 * (-(t5 * t67) + t74 * t69) - t49) + t40 * t4 * (-(t65 * t5) - t74 * t55 - t8));
t8 = t3 ^ 2;
t36 = t14 ^ 2;
t39 = t18 * t6;
t48 = (t39 * t36 + t8);
t49 = (16 * t48);
t53 = (nu + t39);
t54 = -t3 * t14 * t53;
t63 = (16 * t54);
t64 = (0.8e1 * t18 * t54 + t40 * t63 - t54) * t4;
t70 = (t14 * t23);
t73 = t3 * t1;
t74 = (-t70 * t39 - t73);
t75 = (16 * t74);
t76 = t27 * t74;
t77 = 0.2e1 * t18 * t4 * t76 + t4 * (t11 * t75 - t74);
t78 = t3 * t23;
t79 = t14 * t1;
t80 = (t78 * nu) + t79 * t39;
t81 = 0.16e2 * t80;
t82 = t27 * t80;
t83 = 0.2e1 * t18 * t4 * t82 + t4 * (t11 * t81 - t80);
t84 = t27 * t48;
t85 = t33 * t14 * t6 - t30 * t3;
t86 = -t29 * t18 + t32;
t87 = t28 + t15;
t88 = t14 * t6;
t89 = -t18 * t4 * ((t3 * t87) + t88 * t86 + t84) + t4 * (-t11 * t49 + t40 * t85 + t84);
t90 = t27 * t54;
t91 = t42 * t3;
t92 = t28 * t18 + t45;
t93 = t29 - t43;
t94 = -t18 * t4 * ((t3 * t93 * nu) - t88 * t92 + t90) + t4 * (-t11 * t63 + t40 * (-t91 * nu + t88 * t46) + t90);
t84 = (-t18 * t4 * (-t84 - t76) + t4 * (t11 * t49 + t40 * t75));
t95 = -t18 * t4 * (-t90 - t82) + t4 * (t11 * t63 + t40 * t81);
t96 = t14 * t57;
t97 = t3 * t51 - t96 * t39;
t98 = t27 * t97;
t99 = 20 * t74;
t97 = -t18 * t4 * (t97 + t99) + t4 * (-t11 * t98 - t40 * t75 + t76);
t100 = t3 * nu;
t101 = -t39 * t14 * t51 + (t100 * t57);
t102 = t27 * t101;
t80 = 0.20e2 * t80;
t101 = -t18 * t4 * (t101 + t80) + t4 * (-t102 * t11 - t40 * t81 + t82);
t8 = (t39 * t8 + t36);
t36 = 16 * t8;
t103 = (t79 * nu) + t78 * t39;
t104 = 0.16e2 * t103;
t105 = t27 * t103;
t106 = 0.2e1 * t105 * t18 * t4 + t4 * (t104 * t11 - t103);
t107 = -t73 * t39 - t70;
t108 = 0.16e2 * t107;
t109 = t27 * t107;
t110 = 0.2e1 * t109 * t18 * t4 + t4 * (t108 * t11 - t107);
t111 = t33 * t3;
t112 = t30 * t14;
t86 = -t18 * t4 * (-(t14 * t87 * nu) - t3 * t86 * t6 + t90) + t4 * (-t11 * t63 + t40 * (t112 * nu - t111 * t6) + t90);
t87 = t27 * t8;
t113 = -t46 * t3 * t6 + t42 * t14;
t114 = t3 * t6;
t92 = -t18 * t4 * (t114 * t92 - (t14 * t93) + t87) + t4 * (-t11 * t36 + t113 * t40 + t87);
t90 = (-t18 * t4 * (-t90 - t105) + t4 * (t104 * t40 + t11 * t63));
t87 = (-t18 * t4 * (-t87 - t109) + t4 * (t108 * t40 + t11 * t36));
t93 = t14 * nu;
t115 = t39 * t3;
t116 = t115 * t57 - t93 * t51;
t117 = t27 * t116;
t103 = 0.20e2 * t103;
t116 = -t18 * t4 * (t116 + t103) + t4 * (-t104 * t40 - t11 * t117 + t105);
t96 = (t115 * t51 - t96);
t115 = (t27 * t96);
t118 = 0.20e2 * t107;
t96 = (-t18 * t4 * (t96 + t118) + t4 * (-t108 * t40 - t11 * t115 + t109));
t119 = t23 ^ 2;
t120 = t1 ^ 2;
t121 = t39 * t119 + t120;
t122 = 0.16e2 * t121;
t123 = -t1 * t23 * t53;
t124 = 16 * t123;
t125 = (0.8e1 * t123 * t18 + t124 * t40 - t123) * t4;
t126 = t29 * t23;
t127 = -(t1 * t28) + t126 * t39;
t128 = t27 * t127;
t99 = (-t18 * t4 * (t99 + t127) + t4 * (-t11 * t128 - t40 * t75 + t76));
t127 = t39 * t28;
t129 = -(t29 * nu * t1) + t127 * t23;
t130 = t27 * t129;
t103 = -t18 * t4 * (t103 + t129) + t4 * (-t104 * t40 - t11 * t130 + t105);
t129 = t27 * t121;
t76 = (-t18 * t4 * (-t76 - t129) + t4 * (t11 * t122 + t40 * t75));
t131 = t27 * t123;
t105 = -t18 * t4 * (-t105 - t131) + t4 * (t104 * t40 + t11 * t124);
t132 = -(t59 * t23 * t6) + t58 * t1;
t133 = t18 * t57 + t61;
t134 = -t51 + t24;
t135 = t23 * t6;
t129 = -t18 * t4 * (t1 * t134 + t135 * t133 + t129) + t4 * (-t11 * t122 + t132 * t40 + t129);
t136 = t65 * t1;
t137 = t18 * t51 - t68;
t138 = t57 + t66;
t139 = -t18 * t4 * (-(t1 * t138 * nu) + t135 * t137 + t131) + t4 * (-t11 * t124 + t40 * ((t136 * nu) - t135 * t55) + t131);
t119 = (t39 * t120 + t119);
t120 = 16 * t119;
t140 = (t28 * nu * t23) - t39 * t29 * t1;
t141 = t27 * t140;
t80 = -t18 * t4 * (t80 + t140) + t4 * (-t11 * t141 - t40 * t81 + t82);
t126 = (-t127 * t1 + t126);
t127 = (t27 * t126);
